1.2817397048917867
0.887133757340706
0.7780982629727509
0.6231450530432039
0.4251440924102977
0.34584823159848227
0.31934853963932747
0.29681919237314647
0.2954360642170502
0.2855158913438603
0.27246324606871203
0.26597479844497424
0.26822379110223155
0.2614446653652999
0.25974754297127156
0.24916082363007433
0.2536661805237754
0.2532954453916873
0.25454851580878435
0.25054110889717685
0.2505561602822805
0.24419765750230368
0.2446549122111272
0.237889808466879
0.2541448055182473
0.2395245509127439
0.23336383028555724
0.23153233757968678
0.23646833151578903
0.22958982589386276
0.22732589916657595
0.21945174722853353
0.22120442948604035
0.21994076671741777
0.21984844255750463
0.22087705004013192
0.22187551095829172
0.21945765286178912
0.21979401247986294
0.21989878575175495
0.21457438367908283
0.2167728551616103
0.21659274576073986
0.2186264534117812
0.21043477949954695
0.21173012582427364
0.20771073736881807
0.2088028825188087
0.2137710280337576
0.2090496684282513
0.20804121171013784
0.21215043014894097
0.20477247185121147
0.20685790380683997
0.20923858428910627
0.1993610030513699
0.19966929667329383
0.20169522317789368
0.19529106278540725
0.2012353051011845
0.19919099466780485
0.19901776238013122
0.1958899731100616
0.19489050949529066
0.19446185867665178
0.20222775908344884
0.19509934474856166
0.19507751985121582
0.19347916230306786
0.19224376966387538
0.19414391911635964
0.1846914506185863
0.18370209574951965
0.19105240120473554
0.18985432646537231
0.19065572912410153
0.19034070491285648
0.18581488775247235
0.18442318603648977
0.17798992930832555
0.18079233521879728
0.1822737949758263
0.18272714430497863
0.18642913512254167
0.18092586717615694
0.18440185330681882
0.1831551889873157
0.18235880640351165
0.18211722607582304
0.18740263865408252
0.18076955295972905
0.17970470062504382
0.1800511742168564
0.18207005378553423
0.17899565430263342
0.17822494989229462
0.179664639939191
0.17821404954134407
0.17753379621495635
0.18128904989462788
