1.796299159526825
1.6547087132930756
1.4353097259998322
1.1827320992946624
1.0259753555059432
0.9544677257537841
0.9339759260416031
0.9110112577676773
0.9016910433769226
0.8981394618749619
0.8875116735696793
0.8735575765371323
0.866734778881073
0.852158784866333
0.8459222674369812
0.8455435842275619
0.8437316328287124
0.8460658192634583
0.8335870146751404
0.8287605792284012
0.8179500609636307
0.8053424894809723
0.7997393757104874
0.7962755411863327
0.7921546190977097
0.7942708104848861
0.7768089592456817
0.7757512032985687
0.7679296165704728
0.7704641848802567
0.7660428315401078
0.76069395840168
0.7585962086915969
0.7515635669231415
0.741297236084938
0.7298401087522507
0.7357580602169037
0.7266189724206924
0.7298622757196427
0.7348617762327194
0.7161986738443374
0.7131997734308243
0.7250493913888931
0.7201194047927857
0.7161747723817825
0.7179840177297592
0.7159778982400894
0.7099901139736176
0.7224648237228394
0.7205233007669449
