94.26918535394184
47.96121351597673
15.575625228881837
10.99248429799484
6.933116925772974
5.24841621851517
4.684452294495146
4.430429912825762
4.2345196691610045
4.029163179559223
3.738356877989688
3.58567405474388
3.4732270030652064
3.364564261194003
3.2904057421926725
3.2192451832658153
3.1548138376009667
3.1268774089166675
3.066584742271294
3.0133534261735817
2.977052086490696
2.959846815820468
2.901761943202908
2.86872618642904
2.8895541999299645
2.8165053278712904
2.793748922671302
2.7662279864489023
2.73865648447457
2.732354817147982
2.703023206581504
2.699604371442633
2.6730686292809955
2.6377928467120153
2.6285631365695243
2.5892979532985363
2.5838092803955077
2.5667254585330768
2.5344065601542844
2.5246953810675667
2.5011246721623306
2.491845907599239
2.4772020533933476
2.4743005792973407
2.441466470492088
2.425370621681213
2.414859615746191
2.4098187115232825
2.388994422201383
2.3548375469143106
2.350690492533021
2.3307328256510074
2.315072055994454
2.3039126731581607
2.2743259672391214
2.2553616164094312
2.2377533456026497
2.2286697080579856
2.1938216524609064
2.1893747261015037
2.1509729732901364
2.1470649092884386
2.120162230022883
2.0991799580848824
2.0913767652996516
2.068978017871663
2.038316916207136
2.0276215811907234
2.025817486391229
2.002153057567144
1.973592786465661
1.9453966173075012
1.9206998275498213
1.9120953325497902
1.8847050392021567
1.8674977448027013
1.8430655839079517
1.815737509727478
1.8073560835951465
1.7702984377489253
1.7550046819751546
1.7369481502953221
1.7175190986213038
1.6813774719076642
1.6545211759664245
1.645120345940024
1.6236670999203697
1.6124199883412507
1.5850634490029287
1.5815036801968592
1.5722633976047322
1.562091133554103
1.5523617792937716
1.5438886800054776
1.5449667207265305
1.531548441870738
1.5344985767946404
1.5243564532975018
1.5253317489462384
1.5215538109763194
