1.083265762269497
0.8196622816324234
0.7517036028504371
0.693573123216629
0.6425736737847328
0.6142713170349597
0.5925362356901169
0.5800889014005661
0.5678885873258114
0.560039348512888
0.557552812218666
0.5466794705986977
0.5391121816635132
0.5349724900126457
0.531816257417202
0.5300906693041325
0.5241820128262042
0.5217980779409409
0.5193435765802861
0.5157715185880661
0.5150686574280262
0.509636952996254
0.5052221032381058
0.5074685128629207
0.5039213160127402
0.5077768873870373
0.5047211206406355
0.5010945356339216
0.4998265264928341
0.4943810320496559
0.4979271304756403
0.49624179589748385
0.48956092703342435
0.49208711528778076
0.49040965658426283
0.48894901920855044
0.4863037891536951
0.48993757040798663
0.49217202493548395
0.4862666821777821
0.48843680673837664
0.48486169753968716
0.48301252208650114
0.48085082389414313
0.4859419332444668
0.48394819974899295
0.4792761001884937
0.48107184295356276
0.47790551771223544
0.47685853742063045
0.4783935313820839
0.47513549388945103
0.47809309938549993
0.4779893155097961
0.474227555051446
0.471756765037775
0.4722784593403339
0.4742626845389605
0.4696115513667464
0.4714358548521996
0.4700124896764755
0.46984863859415055
0.46792325949668884
0.4666076631695032
0.4693602690398693
0.4687181406915188
0.4649670067727566
0.4679906918182969
0.46662781386077407
0.4683682497739792
0.4650240015015006
0.4653602996096015
